%YAML:1.0
---
dataType: StereoCal
version: 1
reprojectionError: 5.7026934623718262e-01
cameraMatrixA: !!opencv-matrix
   rows: 3
   cols: 3
   dt: d
   data: [ 3.7577344234770057e+03, 0., 1.3471193168386424e+03, 0.,
       3.7509727894861244e+03, 1.0634692908358415e+03, 0., 0., 1. ]
cameraMatrixB: !!opencv-matrix
   rows: 3
   cols: 3
   dt: d
   data: [ 3.7632932648351457e+03, 0., 1.3277292370418961e+03, 0.,
       3.7556138606110671e+03, 1.0758618115346076e+03, 0., 0., 1. ]
distortionCoeffA: !!opencv-matrix
   rows: 1
   cols: 5
   dt: d
   data: [ 2.7785473754855272e-01, 7.4550622860849625e-01,
       -3.2409430518140574e-03, -5.2982994225145540e-03,
       1.5513975433678047e+00 ]
distortionCoeffB: !!opencv-matrix
   rows: 1
   cols: 5
   dt: d
   data: [ 2.9552418594520735e-01, 5.5906269611080861e-01,
       -1.9621024339977326e-03, -5.0229090588651834e-03,
       2.8750076313281419e+00 ]
rotation: !!opencv-matrix
   rows: 3
   cols: 3
   dt: d
   data: [ 9.9999895290265306e-01, 5.5754018434252790e-05,
       -1.4460584659332129e-03, -5.7276149940114929e-05,
       9.9999944438974897e-01, -1.0525871155798148e-03,
       1.4459989765268583e-03, 1.0526688380801581e-03,
       9.9999840048635935e-01 ]
translation: !!opencv-matrix
   rows: 3
   cols: 1
   dt: d
   data: [ -1.0072070965543732e+02, 2.4986886169356963e+00,
       -4.7233241025702775e+00 ]
essential: !!opencv-matrix
   rows: 3
   cols: 3
   dt: d
   data: [ 3.3425673632337537e-03, 4.7259517698861009e+00,
       2.4937129101560966e+00, -4.5776771137133201e+00,
       1.0576220810451251e-01, 1.0072737875409420e+02,
       -2.4929171060971749e+00, -1.0072079300590975e+02,
       1.0963057108361958e-01 ]
fundamental: !!opencv-matrix
   rows: 3
   cols: 3
   dt: d
   data: [ -1.4429740991171184e-09, -2.0438537775534144e-06,
       -1.8697819953962527e-03, 1.9802072844239970e-06,
       -4.5832988537236285e-08, -1.6635292445093075e-01,
       1.9214794418657777e-03, 1.6668895469153155e-01,
       9.9999999999999989e-01 ]
